$ANSIBLE_VAULT;1.1;AES256
31363133356662336632663834333836616162333461343133613835383963383733393062663134
6332633232313431643964303866393336336432366436370a343536363934323463633662666462
31353565643135313134333866336264666232316133616630653536313165306231336664323462
3661383038393232650a613238393034653839656163303666666663663931366434333032306563
32616333353237343530373463633739656335613833313337623036336338356231346630643233
33623061613739373136383962666535346536393166313765343939303139346439636562363438
66346666623232323364336363613830346264366137363536393736393264333266666130363938
31303430393136383562643631643263303164663765353535343565383966633237336238613230
64353231336539636631616464393961353563626166616438623633306261653732613166376132
35386562353264393838663535356539396465316463323361383733663831616535663331666436
64656336643266313738653239363930636432653338636664333364336265376439663534626438
35636664363738396563303234313365383235373166616236626363333438323637383964373865
33616531643833306430643035636634386535643563316137626630336430383263386264666539
62353134316530343638316637616164643536336230616463373535613762623163396334366366
30313939656666623665383862656361303333326462313064643732333835303862653465353031
33363833656236306138363836386139313333646133626266623262346461666334306637326633
37326438346238393463633237396366376136373330646534393336613732386335613131313563
30333963326438623862383166666538613639373564363839323138636635646562313864623630
39656439326337366334646163336435663434356362363564643666386335333938656331323862
38313438373963643462383166383962356236363230623136313438376338386665326632656231
61366266316436643337383932396461653530356462643964313661653862376265366339623334
34323133343436393931313037336364366163366236316336343362373637383433333737323661
61643633353238393061383632323830623435636161666664636631346564393937386635633034
36323031326334656133383136323633633263306439383730396265373139303938336635313333
36613838343636316435303030656138613561383539353465396166633962613464313639316537
36343165326435313366323933336666613839313239613930326264663030336237356433303966
63643030323836323231313165353466356466666333326630636632623438613465313439636164
30636133366464313736623966356362376162393836353730613535636438376137373330363034
39333432663339303234643234663439393630643531623133636337386431303361323263326338
64303065326136613365353832326639396662343263383133386231323431326434386330343035
61613236626233633564653634643564316563613137356430643331326331316664366563656138
32643764383533383066373233643966363031383863366565316433636665396461303438306533
63343837336261313830333836333461306664623431393661306561323835353664653966323465
35636565373932373438383730346435633333623565376232356338386135653666343034666237
36316532653363346435376237656266386133316162653965643362626430323731613862383432
66666365613637306164613736343633626137393838643831363635626663333663383434333135
63303037396562393938373833323131303862643935616437383933633364383862396137373462
38623834396666366366626434323062663763393361633463373764616539333261333035646436
32333936623162363061306138333730353265393265363131663438393734613035663162383032
35646166633962396431643062366237376565393834346433613263656133383261636333306262
39303530316161393365643938373139333133653336366439333864373436633830383465303033
33363931346533613038303930643632343437316630363535353561323331636266663063383431
64343230323462353434656236633062383634653137343561383938663935323266613166393863
30343833663238363131616231363937376463353235396136663866383632376335383034333134
35313032653733393938366336336664646338623938376534643662656631376133386430626334
37626463346465613466323936343663616433346561653734616432313365376564616534363163
35633634633334373464346564346235336238363536626663383636623964626131393338626335
33636661613737313366343230386637643964323232366336643361643161623237613635623536
65386235356363333132353938616133343332633236346263633430313366376164333365316136
65373562313266656138353032353232366635613839373263653436386165393638346238363466
35663935373666626332306139396561633066323763303163626236323737393532643261316436
34343861326130373934623262336138366532643534656666623064313063376533313866633362
62626237626237366663636331323738303734316336636237353665363837303135333330623031
37386164383665633332653836643332643736373262663539393337626664383666633238363630
65346262393634616665633533643964303636336234356331616430636162666561333265363636
30346630613036346166376165643939636337376631313230663265616562356630656533306636
35613161386364356436616436666665343639666431653831346133393738626461626632353162
38616539356232353635343932646634396232313931626535353331643333393464613562643562
39613839383861326661613337323539323133306664613333353666656238633836313964316534
35336165336236323234633138626437326361376535646536356161323465353464383661636164
33303936663962336434333032366635316665316533396235633735343338633532303365333138
65626262346366663737393932333263303337336161643866333766306634323062663636613762
61333934366234626566643866636365616333363162346534656339383934666633386534353261
33373033633862363961656332333536396562313364363936366234373638633462323335633632
32666661616165653636363531633032613234316636633534633237663230663434376263396432
63663738383830313765303564636637663233363732323737356133616332353937313837373366
62336134613739316566323539653139366565616138643362373531386636336436386565633761
31666537666565343733316339326665386331306338383261636363643036316535346637653833
34643937656432623134656233396233613336316539323333613636383966356463663637636163
37316134306164333861663238383339643264656231626264393938663566636131636437353532
37306135363834336232616133326137313065326462326632633361386266393465623264313632
37636631326238333836663939303632653065343532636635353764336534623765346336386165
61343539336464323139396135316239666132643332363366643139393665366166383838363330
33353263636632623562636238646434646466656433333231396439373831383930663932386233
63666564336337343565643937323762313464343734303838376333656365636333636434633164
35623436376637313737613033303166393765346366396462383062656365336563353730636361
30343332303362366338616530366563363530313863376664353336383039373563313838623231
31383438333036646362653763636465383563333831633936343330356437376366363934303362
61386333343461666335333536643434303838343631336439666530333132636366373530633836
66343536393565626262396432326632313733306139383031653833316130656131616638373866
32323632306531666362323364363738376662613464393731303761306338623130313437383336
63653766333339656461383438343063346230613764376239373664626261346231346438326436
38643432353663353235343038376465663930636335316264663331353563636634393633643233
37363036316639386536393538336461323632376263393465646364326664336132323534626636
31656131653962613937633830376631383239376337646130393335366233303664373936323862
31373434636539333764343566316266643832663838346135396163353161633130393736333737
63653332386564363463303838633436313563326630383633326365653332623866356264396134
37336661306164346566333864353361623061366661666639353738626436633132366435626636
34353434613334613535643037623465613333646632386231323365316239343234343165343463
63666565613063333933323630663930643134376362653065623537663164333462653561626666
66646563353633303031623063643063383030383437626366316530383132663466613865626163
33366466623361636232393335636164373062383030393962396164303837336266623536643933
65626161633130376334393261353266653831636639626538326334343563353362633935323237
64356333323339366261316132653835623736326563663039313531653566653134346433356164
37373036616438656139623332326534316364363139653231353932646534663065306630616363
38663661313065623966343665316162323638643735383632646538336131393938383033363536
34373163376139343063356262376364653637373535646337323663383933303266303165616462
65386164653432373466383739643238343336373739333135663635343066663965646666653434
37386438313937613335306234346636663865663134633132643631363439396430663565626538
62353763353436316463626138623362636461666138653630626165326561363462383239313132
63633831393930363736653964333831383262626231333635303461386435663831313534343062
38653832336232653636366531633762633964646635353137633938326632633036633632626131
64656331656265373063356561353036353130636132393762386534306162393834303232613166
35326164666332396362323236316665346464326663323332616634383666343361343265663631
62313739653431616430303137373234326636306633666564353232653431386631646530663037
31363136316139326534663464333337363338623939353636313961356231326265383734323332
33313862636630376632353062613163613463303264326631623538643233316134383436653838
64353531333430316564346634353562343038316231613930303165643134616132333634643338
65316639633464656363663865323930323966303630623365653532633235373039643731626133
37313239316639663035366333653238326238373764336366343866363334383336376561656238
39333938396232393562353139356532313137633531393363383732393435636539636336363465
34633664396133316337646162323230336430343265386266323731376437656663343565366630
31393531623664363563613030343234656166383564353765333633353038653862306438636632
61393361613339613438323638333364313739313062396131336562333664333837656630613635
37376134333838373038366431666639323763316137376132346534623566636464636638623561
61636437366232386530386665613235643631633038646265306665646332323534346633623866
66636433393766616232613833616136653832353464316631306264633739353638346638376631
37613734623339633530616639346361396362306361356564643939636632356438613663653737
39383533653532623565373764626461336461616537323138333462343263306136373832373664
61643266386162343538313162633835626639353632303139656335343564343538316564393231
35656636656638623762346531663133613362653666396434336365393762343836353439626435
62376161363761343331316662343262366635386134643137336136353230326465343761613331
33363265623738623633333766663039333361386666626530356231333337353331636166646363
36636633666537343466613630366634393133653635373538363534656137366432333932313661
65353262633066366365346366353161373938363037346438626233616563626331373261386531
65373033633264313933353934653864333630383062636535636234303930343830663539633163
32313533626335326335623634636161626664386530396566346231613834313961623366613032
39323637343166643433613639336531303061363938666130363762323637616432333964303333
37303665323165633733323238613362393164343530663436636630353532663334356264616533
65633066393462303332383833373162633164323535393037303262306136353831363163393962
32643465613162633930303963313131646265393336613233393663356161376631326332643639
36326336316162613530306537636564363262653337396533303533646333623462326232613238
30376536663730373961643631653836376366386431623865633061656363343338303762653433
63323935633932356333616565343765616662386236616562333765333165666335376633346230
32613565333538616262376665633963316133356139623938353531343930323764336237623239
31336439663031396533306565646233313535613439323465386638646439393031646135653933
33353465363136333731613031623032323034383433663661616339653463323130343436666463
38396439383932643234336631636534653136613936623666363865663636333632313936636264
64346561633863616562343034306236396437343237376664323830333634643635656639396666
36343431376165306364356637613238623366356339613563303163303032323931366666613035
36376563666437613931303339393262643962303136616531336535336662633234353864313339
36356461346264366639383031636536663337376332396663366435343232656238633738623331
35643434653461646466616133363563316635653637323338313362336439613363333430376364
30663466666239646339303761613832396163613338313833633464393964383164623136333461
64383637623565656565626465623532336437626438356339333764336630306136383039353262
61323338333130356533386366376135376437653836326130363534613063666165366164653636
30363364663639383663643265623363393232373738396338613237343133383661306636363330
66313233653630613234646334333965306135633938306664303862326365353563386465623265
64643465303733306262343065653032346535313032393638393333303435383266646635656266
62306331656537313366303831656166646332316638643938633131373834613633626464343164
32326563363637663932663537666632306539623835366666376431316466306262613332623130
34656337626531313434626162343561366563386334386332316533326137313130363763383434
62323138613937333839346562333330663138396239663234656435306662313138336433396336
31356263353464646536613431343632613964633334356630653164623932613433326264313065
36386561303162323836313233633764653261643334303661303166626338343461326161633461
35313762613864306236333137633461313466666534643364643732313665626335376237656634
33376430653534636163663133313064656435643137663064346266653738313165336165353930
37623463333265333131383062396131333739666134323635366264326435363539616432626332
32356163306663316665656433383363313631663362636236613539323633653936623263366561
64303330323938363565343766626635656632343864366339366362616464333434623764386436
39393631303739356637356139363065366430653038333934336362313031653338343364353765
38323435656437343736653037343561343766623137653232633462363735393030666366356334
62363137326438393462326461666664623535316434333032656566356431353633333838356365
62323635636563653265646334366565636465356334376639346338303064616139333230633833
35663832623833646338333038303235326633373830663461323738643335333937633662333330
36623031633835393638363936393466363062356330353836313137653231346536356230636338
34663762623032636331356364373230316166303035353038633838616534663164396433326133
39636130306664623538303262633030626361343064646361366263653366366632393866366139
30383361646533333634666562613736346265633764663635623135323030326232653766346531
61646136353231663263353335373739386464666530373164313238663564316133643363633831
39363631336361613763376164343234663835636663323534626331623464356238363564613162
36393062386639636234383231613334383439613339313632383631303330316237333465306431
38373562303262333138393338363333646565313538303339653330626162636566613935613262
32323035396331646338343534323130323631333563356433633537656332623962626264393465
35646364383061636565656364623236383633356562366636376532663665373234303534626261
37646662643530373633343230663339626431613430313764336431333938333361646538356635
31613362386130636539393463613137383063376134303131313665663662366137376330383766
38313762623632373463633930316139313933303961323638366238613966346638383362306434
63366663323966383330333834386430656431643964396463653739333434353139326639303137
64663633633463633737333462346630636535306163306465383961626163663833613361336365
62393034323037393938383336623334383336653532393431353030633066363331336230306132
31313730336537313264336639393735663736393832643830646336633161366263343233363036
63313833303564643031643337353037393635313565613133623731333466383464663838623636
38623534343030626166656562306530393137623565393439353134303031346264623131393365
37323566353065616536316265303432643231643164376538373539346364643833616539303038
31653265663038393637356331373061623063353766653939636532633631393937346531643562
64366335616630393338613533643766303738626566396563353538626438323364336231353961
36636164653637636530333332396166643330646238313866393532333838366332393331346465
39373438346531656636623030646166633161356465353066636132653438313863
